2 0.8031 0.4624 0.0664 0.0575
2 0.5000 0.4668 0.0619 0.0664
8 0.8695 0.2677 0.0929 0.0575
1 0.2124 0.0221 0.0531 0.0265
2 0.6527 0.8429 0.0575 0.0575
1 0.5398 0.8363 0.0796 0.0708
1 0.5288 0.3429 0.0575 0.0398
8 0.7456 0.1903 0.0575 0.0619
1 0.1903 0.2898 0.1593 0.0310
1 0.0664 0.5022 0.0354 0.0310
1 0.3739 0.2965 0.0487 0.0265
1 0.7633 0.2987 0.0310 0.0221
1 0.5863 0.3496 0.0398 0.0265
1 0.5177 0.0221 0.0354 0.0265
1 0.8186 0.0199 0.0531 0.0221
1 0.2854 0.0310 0.0398 0.0177
1 0.9602 0.5642 0.0354 0.0310