2 0.4226 0.6947 0.0664 0.0531
2 0.0708 0.2080 0.0708 0.0619
2 0.1217 0.6925 0.0752 0.0575
1 0.4845 0.4978 0.0841 0.0575
2 0.9757 0.4912 0.0487 0.0442
1 0.5841 0.7832 0.0442 0.0354
1 0.1416 0.5708 0.0531 0.0354
1 0.6748 0.2478 0.0575 0.0354
1 0.2080 0.0310 0.0531 0.0265
1 0.0509 0.0310 0.0398 0.0265
1 0.6593 0.0310 0.0531 0.0354
1 0.1991 0.5730 0.0442 0.0398
1 0.1350 0.2478 0.0398 0.0354
1 0.4314 0.2456 0.0575 0.0221
1 0.3739 0.5199 0.0487 0.0398
1 0.1527 0.5199 0.0664 0.0221
1 0.4602 0.0332 0.0354 0.0221
1 0.8761 0.2478 0.0265 0.0177
1 0.7323 0.5199 0.0398 0.0221