0 0.4270 0.8916 0.1460 0.1106
1 0.8606 0.7810 0.0398 0.0398
0 0.7124 0.7456 0.0531 0.1106
1 0.9403 0.0819 0.0575 0.0398
1 0.2434 0.2655 0.0531 0.0354
1 0.4403 0.2124 0.0398 0.0354
1 0.0354 0.2677 0.0708 0.0310
1 0.1394 0.4934 0.2699 0.0398
1 0.6792 0.4823 0.0398 0.0354
1 0.7854 0.3872 0.0575 0.0664
1 0.9270 0.3009 0.1106 0.0354
1 0.9226 0.5863 0.0575 0.0575
1 0.8518 0.6637 0.0575 0.0619
1 0.0531 0.8540 0.1062 0.0354
1 0.0376 0.5996 0.0398 0.0310
1 0.0310 0.1062 0.0531 0.0354
1 0.2456 0.8540 0.0575 0.0354
1 0.1615 0.8540 0.0575 0.0354
1 0.0465 0.9270 0.0664 0.0398
1 0.4447 0.2677 0.0752 0.0310
1 0.9469 0.8031 0.0442 0.0398
1 0.1283 0.1040 0.0531 0.0221