1 0.7500 0.5863 0.0575 0.1106
1 0.5155 0.4093 0.0575 0.0752
1 0.5155 0.2721 0.0575 0.0752
1 0.5111 0.5133 0.0664 0.0885
0 0.3518 0.5531 0.1283 0.0885
1 0.5155 0.6881 0.0575 0.0841
0 0.1991 0.6947 0.0973 0.1239
1 0.9137 0.4137 0.0487 0.1018
1 0.3739 0.8540 0.0575 0.1062
1 0.5155 0.7898 0.0575 0.0752
1 0.9093 0.2987 0.0398 0.1018
1 0.3562 0.1416 0.0398 0.0531
1 0.4292 0.2146 0.0354 0.0310
1 0.5310 0.1394 0.0442 0.0929
1 0.6062 0.1040 0.0354 0.1372
1 0.6018 0.3850 0.0354 0.0973
1 0.0885 0.8208 0.0354 0.1814
1 0.5111 0.9801 0.0575 0.0398
1 0.6018 0.8208 0.0354 0.0575
1 0.9204 0.6527 0.0354 0.1195
1 0.2124 0.3938 0.0531 0.0708
1 0.3695 0.2832 0.0398 0.0531
4 0.0885 0.7235 0.0354 0.0398
1 0.1704 0.0487 0.0841 0.0885
1 0.7434 0.8850 0.0354 0.0708