0 0.4823 0.4912 0.0708 0.0973
1 0.7876 0.5332 0.0708 0.0398
1 0.6416 0.8341 0.1770 0.0487
1 0.0907 0.5288 0.0929 0.0398
1 0.6062 0.6947 0.0708 0.0354
1 0.9779 0.1106 0.0442 0.0354
1 0.8075 0.5907 0.1106 0.0310
1 0.4093 0.0133 0.0575 0.0177
1 0.7544 0.4226 0.1106 0.0398
1 0.4978 0.1770 0.1460 0.0354
1 0.6615 0.7611 0.0841 0.0354
1 0.7876 0.1770 0.1770 0.0354
1 0.9580 0.5332 0.0752 0.0310
1 0.5686 0.1195 0.1372 0.0354
1 0.8407 0.1770 0.0619 0.0354
1 0.9779 0.7721 0.0354 0.0487
1 0.1239 0.6969 0.0531 0.0310
1 0.9447 0.7655 0.1106 0.0531
1 0.9779 0.7677 0.0354 0.0575
1 0.3186 0.4226 0.1062 0.0398
1 0.3783 0.1217 0.0575 0.0310
1 0.4447 0.1195 0.0398 0.0265