1 0.7279 0.1991 0.0487 0.0531
0 0.5332 0.5000 0.1106 0.0885
1 0.5642 0.8385 0.0487 0.0575
1 0.1062 0.3673 0.0531 0.0531
1 0.7898 0.5022 0.0487 0.0575
1 0.4801 0.8894 0.0398 0.0531
1 0.2987 0.3717 0.0487 0.0531
1 0.7279 0.9270 0.0398 0.0398
1 0.2412 0.6394 0.0398 0.0575
1 0.3031 0.7168 0.0310 0.0619
1 0.3031 0.9580 0.0398 0.0575
1 0.1084 0.8894 0.0398 0.0885
1 0.7301 0.6925 0.0354 0.0752
1 0.7235 0.4248 0.0398 0.0885
1 0.1195 0.2478 0.0354 0.0531
1 0.3075 0.5332 0.0487 0.0929
1 0.3009 0.1438 0.0354 0.0398
1 0.1106 0.6903 0.0354 0.0708