1 0.5752 0.8850 0.0442 0.0885
1 0.4956 0.4978 0.0531 0.0575
1 0.4956 0.8496 0.0531 0.0619
1 0.5730 0.6925 0.0398 0.0575
1 0.9491 0.1571 0.0575 0.0398
1 0.8562 0.8518 0.0398 0.0752
1 0.4049 0.9447 0.0398 0.0575
1 0.1195 0.1571 0.0442 0.0664
1 0.7633 0.7655 0.0398 0.0708
1 0.8562 0.6704 0.0398 0.0752
1 0.5000 0.7544 0.0442 0.0487
1 0.5730 0.4226 0.0398 0.0487
1 0.4049 0.2655 0.0398 0.0531
1 0.8584 0.9668 0.0354 0.0487
1 0.4027 0.5907 0.0354 0.0487
1 0.7434 0.1748 0.1327 0.0752
1 0.5907 0.0686 0.0398 0.0398
1 0.5708 0.5398 0.0354 0.0442
1 0.7544 0.9624 0.0398 0.0487
2 0.0133 0.4093 0.0177 0.0575
2 0.0133 0.7456 0.0177 0.0575
2 0.0111 0.6040 0.0133 0.0841
1 0.5155 0.1394 0.0398 0.0398
0 0.8496 0.4071 0.0708 0.1062