0 0.4292 0.1239 0.0885 0.0885
2 0.2478 0.0730 0.0531 0.0664
1 0.6018 0.3717 0.0531 0.0708
1 0.0730 0.1881 0.0398 0.0487
1 0.1925 0.5509 0.0487 0.0398
1 0.5133 0.4624 0.0796 0.0752
1 0.6416 0.7146 0.0531 0.0398
1 0.8960 0.4646 0.0487 0.0354
1 0.9204 0.6593 0.0531 0.0531
1 0.4491 0.9093 0.0575 0.0398
1 0.1748 0.9425 0.0398 0.0531
1 0.6261 0.1062 0.0575 0.0531
1 0.8717 0.9248 0.0531 0.0531
1 0.8009 0.3186 0.0531 0.0531
1 0.4668 0.6571 0.0664 0.0664
1 0.2677 0.8540 0.0575 0.0708
1 0.6217 0.9602 0.0664 0.0531