0 0.5133 0.5111 0.1416 0.1018
1 0.5000 0.3208 0.0796 0.0575
2 0.7522 0.5398 0.0708 0.0442
1 0.5354 0.0664 0.1593 0.0354
1 0.7456 0.0642 0.0752 0.0310
1 0.2124 0.4226 0.0885 0.0398
1 0.3783 0.2279 0.0487 0.0310
1 0.5509 0.2279 0.1991 0.0398
1 0.7478 0.2257 0.0885 0.0265
1 0.8540 0.2279 0.0708 0.0310
1 0.9580 0.2257 0.0841 0.0354
1 0.7478 0.1084 0.0531 0.0221
1 0.4823 0.1084 0.0796 0.0310
1 0.9558 0.0642 0.0619 0.0310
1 0.6239 0.4204 0.3717 0.0354
1 0.8540 0.4204 0.0531 0.0354
1 0.9624 0.4204 0.0752 0.0354
1 0.8562 0.5531 0.0664 0.0354
1 0.7677 0.6217 0.0929 0.0398
1 0.5553 0.6195 0.1460 0.0354
1 0.3916 0.5575 0.0752 0.0354
1 0.8673 0.7124 0.0973 0.0354
1 0.9757 0.7124 0.0487 0.0354
1 0.8429 0.0664 0.0487 0.0354
1 0.1571 0.5531 0.0752 0.0354