0 0.4071 0.1372 0.0885 0.0973
1 0.0730 0.3031 0.0575 0.0575
1 0.7124 0.6394 0.0708 0.0575
1 0.3230 0.0376 0.0885 0.0575
1 0.7080 0.1770 0.0531 0.0531
1 0.5310 0.2058 0.0531 0.0398
1 0.0863 0.6571 0.0664 0.0664
1 0.4425 0.6770 0.0531 0.0531
1 0.5819 0.3938 0.0664 0.0708
1 0.6792 0.2987 0.0575 0.0487
1 0.5111 0.4779 0.0664 0.0619
1 0.8960 0.6881 0.0575 0.0664
1 0.9491 0.6283 0.0398 0.0442
1 0.7257 0.8717 0.0973 0.1062
1 0.2987 0.8208 0.0841 0.0664
1 0.8894 0.2235 0.0708 0.0664
1 0.0708 0.1040 0.0531 0.0487